gridtype = lonlat
xsize    = 144
ysize    = 96
xfirst   = 0.0
xinc     = 2.5
yvals    = -90 -88.1052631578947 -86.2105263157895 -84.3157894736842
    -82.4210526315789 -80.5263157894737 -78.6315789473684
    -76.7368421052632 -74.8421052631579 -72.9473684210526
    -71.0526315789474 -69.1578947368421 -67.2631578947368
    -65.3684210526316 -63.4736842105263 -61.5789473684211
    -59.6842105263158 -57.7894736842105 -55.8947368421053 -54
    -52.1052631578947 -50.2105263157895 -48.3157894736842
    -46.421052631579 -44.5263157894737 -42.6315789473684
    -40.7368421052632 -38.8421052631579 -36.9473684210526
    -35.0526315789474 -33.1578947368421 -31.2631578947368
    -29.3684210526316 -27.4736842105263 -25.5789473684211
    -23.6842105263158 -21.7894736842105 -19.8947368421053 -18
    -16.1052631578947 -14.2105263157895 -12.3157894736842
    -10.4210526315789 -8.52631578947368 -6.63157894736842
    -4.73684210526316 -2.8421052631579 -0.94736842105263 0.94736842105263
    2.84210526315789 4.73684210526315 6.63157894736841 8.52631578947368
    10.4210526315789 12.3157894736842 14.2105263157895 16.1052631578947
    18 19.8947368421053 21.7894736842105 23.6842105263158
    25.578947368421 27.4736842105263 29.3684210526316 31.2631578947368
    33.1578947368421 35.0526315789474 36.9473684210526 38.8421052631579
    40.7368421052632 42.6315789473684 44.5263157894737 46.4210526315789
    48.3157894736842 50.2105263157895 52.1052631578947 54
    55.8947368421053 57.7894736842105 59.6842105263158 61.578947368421
    63.4736842105263 65.3684210526316 67.2631578947368 69.1578947368421
    71.0526315789474 72.9473684210526 74.8421052631579 76.7368421052632
    78.6315789473684 80.5263157894737 82.4210526315789 84.3157894736842
    86.2105263157895 88.1052631578947 90
